0 0 7
0 0 7
0 0 7
0 0 7
0 0 7
0 0 7
0 0 7
0 0 7
0 0 7
0 0 7
0.591892 0.613792 2
0.687047 -0.00981674 3
0.185449 0.430481 5
0.33553 0.547341 0
0.600263 0.756909 8
0.589771 0.685508 2
0.10972 0.608276 5
0.576155 0.588821 2
0.785384 0.0497477 3
0.236507 0.643999 0
0.0654219 0.882108 4
0.299263 0.576127 0
0.149826 0.558777 5
0.175591 0.570269 5
0.188237 0.837369 4
0.0974327 1.06024 9
0.40314 0.815666 6
0.30816 0.757092 0
0.779783 0.0865707 3
0.316268 0.661269 0
0.20981 0.574128 5
0.153987 1.00465 9
0.152984 0.972672 4
0.15114 0.725257 0
0.618272 0.0245465 1
0.210322 0.575078 5
0.440097 0.779287 6
0.253041 1.0353 9
0.0738306 0.653255 5
0.0610132 0.957985 4
0.575047 0.798691 8
0.370358 0.496634 0
0.642205 0.116709 1
0.679703 -0.0144625 3
0.619547 0.823223 8
0.719705 0.961218 8
0.24322 0.549016 5
0.594412 0.845933 8
0.183678 0.936773 4
0.0537883 0.951125 4
0.56511 0.686539 2
0.169873 0.674057 0
0.0715065 0.700577 5
0.612042 0.637955 2
0.143287 0.991581 9
0.719291 0.0347658 3
0.663987 0.71186 8
0.138178 0.934784 4
0.305937 0.537354 0
0.522379 0.892174 8
0.835731 0.0565758 3
0.267218 0.646204 0
0.19323 0.555612 5
0.142566 0.435945 5
0.632986 0.213941 1
0.462205 0.63368 2
0.752826 0.0382666 3
0.586115 0.45686 2
0.260034 0.581662 0
0.763718 -0.0200563 3
0.274089 0.765625 0
0.264734 0.589396 0
0.811106 0.0471931 3
0.263264 0.664006 0
0.0985885 0.873365 4
0.249138 0.57723 0
0.181602 0.478548 5
0.636011 0.704738 8
0.224075 0.673767 0
0.57986 0.519197 2
0.240323 0.612232 0
0.478949 0.6859 6
0.500535 0.668039 2
0.108568 0.591676 5
0.308341 0.624566 0
0.0429431 0.58687 5
0.290002 0.580508 0
0.553823 0.801963 8
0.760001 -0.0205399 3
0.107901 0.500444 5
0.617953 0.651308 2
0.558812 0.780166 8
0.855352 0.135799 3
0.436098 0.808267 6
0.713171 0.0335672 3
0.244974 0.696271 0
0.358857 0.695442 6
0.749716 0.0799327 3
0.562159 0.580336 2
0.409162 0.623432 6
0.705833 0.0128122 3
0.207071 0.683202 0
0.635498 0.588507 2
0.489758 0.785468 6
0.47472 0.791591 6
0.57137 0.0535338 1
0.66601 0.197837 1
0.291694 0.54515 0
0.175825 0.633049 0
0.284286 0.563322 0
0.255563 0.666964 0
0.614245 0.177074 1
0.550402 0.777466 8
0.0816298 0.700878 5
0.789953 0.0873802 3
0.555446 0.790495 8
0.748253 0.140326 1
0.450526 0.669673 6
0.337744 0.769656 6
0.122711 0.614961 5
0.210762 0.585905 5
0.595243 0.698415 2
0.178458 1.11356 9
0.151096 0.520933 5
0.475523 0.793636 6
0.143638 0.472315 5
0.212739 0.687058 0
0.323209 0.622736 0
0.220218 0.778726 0
0.639813 0.733657 8
0.14159 0.490586 5
0.0996998 0.685768 5
0.102815 0.505471 5
0.207762 0.576134 5
0.38188 0.454454 0
0.180076 0.699629 0
0.584963 0.639778 2
0.74097 0.0110982 3
0.567313 0.752567 8
0.105553 0.646834 5
0.064797 0.580718 5
0.272506 0.668794 0
0.128879 0.609597 5
0.205377 0.641434 0
0.124254 0.666055 5
0.544396 0.689213 2
0.750594 0.103536 3
0.62421 0.84402 8
0.0510146 0.66655 5
0.380923 0.748169 6
0.260494 0.680488 0
0.240186 0.484114 5
0.266206 0.588063 0
0.5517 0.59606 2
0.300865 0.707603 0
0.121071 1.06575 9
0.594153 0.753356 8
0.581208 0.654647 2
0.064328 0.598404 5
0.627397 0.707044 8
0.751716 0.182762 1
0.24678 0.383748 5
0.462871 0.825129 6
0.197422 0.535395 5
0.154334 0.667736 0
0.696022 0.119293 1
0.0997824 0.566813 5
0.621642 0.831347 8
0.570266 0.818038 8
0.28754 0.656386 0
0.249656 0.619558 0
0.00714109 0.65978 5
0.245264 0.686194 0
0.470299 0.850369 6
0.709227 0.108092 1
0.261694 0.398108 5
0.73317 0.066035 3
0.20432 0.70091 0
0.23788 0.718171 0
0.518746 0.764106 8
0.619063 0.786416 8
0.485619 0.873238 6
0.0703162 0.571472 5
0.0680387 0.991687 4
0.257766 0.61996 0
0.733385 0.156245 1
0.632301 -0.0301198 3
0.738444 0.0380849 3
0.0560803 0.603493 5
0.205237 0.527663 5
0.193733 0.485602 5
0.245785 0.541864 5
0.555124 0.72955 8
0.254168 0.507773 5
0.175142 0.640253 0
0.738022 0.0508522 3
0.409156 0.567584 0
0.500862 0.602427 2
0.291206 0.721543 0
0.662268 0.0676451 1
0.540019 0.61564 2
0.410362 0.566555 0
0.457445 0.828732 6
0.0684737 0.897927 4
0.196383 0.334896 5
0.269097 0.644346 0
0.308773 0.65532 0
0.745432 0.0665184 3
0.407738 0.690622 6
0.177317 0.64311 0
0.164717 0.66638 0
0.742814 0.117667 1
0.582582 0.759706 8
0.258267 0.687513 0
0.267943 0.594681 0
0.159372 0.520474 5
0.172107 0.763043 0
0.123804 0.965079 4
0.813272 -0.0138905 3
0.201225 0.741939 0
0.0552108 0.718846 5
0.600322 0.641515 2
0.0929655 0.996616 4
0.222457 0.776422 0
0.28516 0.532129 0
0.323858 0.576926 0
0.14173 0.630028 5
0.722731 -0.0393307 3
0.752511 0.124161 1
-0.0305234 0.608413 5
0.15538 0.52949 5
0.279961 0.708233 0
0.115183 0.836921 4
0.250438 0.523926 5
0.602856 0.118067 1
0.564555 0.489269 2
0.243859 0.695778 0
0.682217 0.0700622 1
0.275149 0.692237 0
0.315093 0.55975 0
0.0586719 0.639771 5
0.123536 0.5844 5
0.0725565 0.910577 4
0.710606 0.0497941 3
0.592257 0.814212 8
0.098507 0.61645 5
0.130035 0.959873 4
0.594676 0.692515 2
0.284889 0.632473 0
0.106152 0.607521 5
0.310019 0.534394 0
0.232529 0.396739 5
0.784319 0.100045 3
0.661081 0.0381799 3
0.196639 1.00736 9
0.112999 0.991548 4
0.293587 0.587444 0
0.144435 0.467731 5
0.724746 0.0447155 3
0.331959 0.607101 0
-0.00572434 0.450417 5
0.105827 0.932518 4
0.296862 0.621076 0
0.662236 -0.000672308 3
0.499366 0.819963 6
0.694547 -0.0248684 3
0.268878 0.653727 0
0.561959 0.646806 2
0.661703 0.0977648 1
0.53613 0.56708 2
0.266191 0.686926 0
0.568148 0.827325 8
0.13031 1.01429 9
0.556418 0.645674 2
0.10973 0.488018 5
0.713592 0.0380196 3
0.109972 0.557325 5
0.488267 0.718641 6
-0.0249797 0.981851 4
0.171702 0.667489 0
0.327666 0.586643 0
0.079776 0.987195 4
0.180051 0.480374 5
0.201243 0.477537 5
0.259926 0.590278 0
0.758023 -0.00939606 3
0.257546 0.714462 0
0.328636 0.515336 0
0.247941 0.533943 5
0.725298 0.149757 1
0.631662 0.669883 2
0.281002 0.562779 0
0.575269 0.72808 8
0.787981 0.106841 3
0.600282 0.118262 1
0.779264 0.0414834 3
0.84557 0.0626826 3
0.222447 0.72773 0
0.183833 0.678382 0
0.140706 0.770083 4
0.746639 0.0988488 3
0.189941 0.549937 5
0.0538495 0.678031 5
-0.00469637 0.997189 4
0.414125 0.658744 6
0.391108 0.570825 0
0.224356 0.605973 0
0.656297 0.191633 1
0.326432 0.691232 0
0.840603 0.0965209 3
0.171554 0.455916 5
0.565389 0.606248 2
0.528445 0.604717 2
0.373915 0.705163 6
0.154061 0.603043 5
0.68965 -0.0119276 3
0.544102 0.846094 8
0.532282 0.640459 2
0.0587144 0.633427 5
0.474076 0.699581 6
0.126964 0.609464 5
0.314409 0.577661 0
0.462123 0.643184 2
0.150175 0.898958 4
0.47135 0.789256 6
0.79335 0.102102 3
0.776552 0.0532106 3
0.604539 -0.00955715 3
0.0973637 0.666197 5
0.0839018 0.985688 4
0.197519 0.564319 5
0.118313 0.564439 5
0.0840532 0.579911 5
-0.0214585 0.865624 4
0.72264 0.0935334 1
0.119257 0.988696 4
0.143842 0.528267 5
0.279574 0.637573 0
0.220294 0.812437 4
0.0904334 0.354674 5
0.239788 1.0865 9
0.171893 0.417498 5
0.196006 0.462628 5
0.666143 0.100841 1
0.110405 1.00695 9
0.656979 -0.00463222 3
0.0686643 0.618209 5
0.134198 0.454012 5
0.6182 0.81872 8
0.0633281 0.583013 5
0.264709 0.663326 0
0.580327 0.868821 8
0.297122 0.561023 0
0.343515 0.607453 0
0.172754 0.656287 0
0.633965 0.823375 8
0.228655 0.518544 5
0.0602779 0.669312 5
0.289747 0.585506 0
0.182776 1.00205 9
0.620889 0.792164 8
0.713495 -0.0295132 3
0.809984 0.0719896 3
0.6637 0.199141 1
0.270008 0.458691 5
0.275696 0.727364 0
0.610106 0.724937 8
0.695753 0.127936 1
0.197362 0.624889 0
0.589521 0.618904 2
0.503755 0.920421 8
0.241398 0.593063 0
0.0905223 0.605646 5
0.122646 0.70184 0
0.635331 0.793934 8
0.0690925 0.985704 4
0.285719 0.51102 0
0.18786 0.692618 0
0.4213 0.690195 6
0.650012 0.758031 8
0.254209 0.493414 5
0.263637 0.701275 0
0.779862 -0.044144 3
0.74944 0.0526843 3
0.690664 0.19632 1
0.237632 0.650011 0
0.659762 0.152345 1
0.259851 0.655579 0
0.22135 0.627568 0
0.716216 0.789393 8
0.173218 0.927463 4
0.26527 0.676822 0
0.158848 0.661522 0
0.733465 0.104038 1
0.324905 0.682593 0
0.594978 0.138077 1
0.54208 0.763032 8
0.772435 0.151748 1
0.608656 0.562436 2
0.274377 0.668542 0
0.179498 1.02155 9
0.750015 0.088628 3
0.184099 0.527668 5
0.256057 0.448945 5
0.772635 -0.0251007 3
0.487032 0.626288 2
0.532219 0.808441 8
0.7385 0.0432896 3
0.603538 0.624829 2
0.53246 0.757944 8
0.523578 0.761691 8
0.216443 0.898926 4
0.3611 0.666107 0
0.278501 0.675322 0
0.56271 0.663768 2
0.57093 0.59304 2
0.465638 0.751813 6
0.0980928 0.639281 5
0.66012 0.0370037 3
0.239412 0.417945 5
0.74881 0.138997 1
0.0985618 0.589621 5
0.288268 0.441489 5
0.733474 -0.0301051 3
0.142678 0.633944 5
0.245868 0.622409 0
0.238863 0.531009 5
0.176014 0.57432 5
0.0440467 1.0373 9
0.152293 0.927082 4
0.0977686 0.494389 5
0.0540154 0.896043 4
0.0302067 0.986762 4
0.209077 0.648399 0
0.749596 -0.0737331 3
0.687989 0.095457 1
0.753119 0.0708412 3
0.203234 0.509423 5
0.680281 -0.026402 3
0.209624 0.658031 0
0.27456 0.526632 0
0.337207 0.634259 0
0.214364 0.583143 5
0.624241 0.634245 2
0.24569 0.617205 0
0.645425 0.68635 2
0.309522 0.511474 0
0.0582444 0.6309 5
0.224089 0.631827 0
0.145702 1.08847 9
0.752892 0.103006 3
0.385724 0.614174 0
0.643563 0.669894 2
0.227826 0.653442 0
0.176727 0.460228 5
0.34547 0.65224 0
-0.0239142 0.516419 5
0.549557 0.762271 8
0.375183 0.558468 0
0.136776 0.474146 5
0.231112 0.99201 9
0.266725 0.700092 0
0.186817 0.418048 5
0.73715 0.120816 1
0.0705245 0.570738 5
0.146118 0.59531 5
0.553549 0.83203 8
0.144749 0.510423 5
0.06327 0.686205 5
0.0103657 0.640069 5
0.309604 0.61853 0
0.194463 0.890219 4
0.552006 0.744779 8
0.530317 0.756421 8
0.560646 0.777017 8
0.223507 0.537309 5
0.566235 0.0329473 1
0.122742 0.629237 5
0.565515 0.772421 8
0.157737 1.07779 9
0.681374 0.0434328 3
0.0949803 0.952222 4
0.697481 0.0616807 3
0.657515 0.752635 8
0.123219 0.950326 4
0.116799 0.511514 5
0.304263 0.704424 0
0.320236 0.557888 0
0.518107 0.0035063 1
0.229585 0.511552 5
0.184895 0.611634 5
0.11658 0.570196 5
0.207861 0.481426 5
0.518146 0.909854 8
0.597571 0.648742 2
0.197189 0.594411 5
0.669668 0.0874912 1
0.569645 0.64354 2
0.253922 0.442932 5
0.576705 0.875374 8
0.831291 -0.00596441 3
0.590836 0.611601 2
0.443539 0.795177 6
0.146515 0.995727 9
0.40269 0.707809 6
0.588439 0.726655 8
0.57781 0.745275 8
0.520204 0.664535 2
0.225269 0.694414 0
0.705703 0.029171 3
0.170855 1.0614 9
0.60463 0.6046 2
0.711328 0.228986 1
0.701498 0.163073 1
0.186385 0.993922 9
0.237561 0.605681 0
0.167787 0.553614 5
0.737105 0.545159 2
0.193506 0.405229 5
0.307077 0.624616 0
0.11356 0.719572 0
0.196362 0.684389 0
0.515802 0.617002 2
0.699518 0.215098 1
0.634559 0.0654907 1
0.290993 0.591233 0
0.539964 0.800647 8
0.572439 0.770809 8
0.247316 0.573776 0
0.217361 0.665812 0
0.130053 0.613202 5
0.296441 0.510825 0
0.0549474 0.956139 4
0.140486 0.56248 5
0.242085 0.701788 0
0.375341 0.580535 0
0.298206 0.81613 6
0.0835591 1.00657 4
0.567844 0.676624 2
0.555005 0.811133 8
-0.0042354 0.990442 4
0.258132 0.621843 0
0.187573 0.55258 5
0.6852 0.154419 1
0.647802 0.778322 8
0.158391 0.612169 5
0.133569 0.580926 5
0.110062 0.592099 5
0.244892 0.583932 0
0.143664 0.68462 0
0.210729 0.585394 5
0.32006 0.591387 0
0.654001 0.0503036 1
0.443201 0.781054 6
0.757531 0.0250445 3
0.199107 0.520434 5
0.7571 -0.0021966 3
0.257896 0.896859 4
0.162146 0.601833 5
0.243177 0.567841 0
0.614393 0.652423 2
0.676636 0.0479407 3
0.767799 -0.00485912 3
0.525198 0.658188 2
0.17692 0.491725 5
0.276405 0.494632 5
0.327843 0.627182 0
0.237663 0.556677 5
0.298926 0.637089 0
0.838197 0.0989869 3
0.557361 0.666176 2
0.0871364 0.954283 4
0.313692 0.582247 0
0.624516 0.097865 1
0.661448 0.74249 8
0.254397 0.474361 5
0.104288 0.545732 5
0.725934 0.095018 1
0.263407 0.558337 0
0.192828 0.557962 5
0.199683 0.62291 0
0.135723 0.470097 5
0.470439 0.722042 6
0.742189 0.0862742 3
0.579113 0.618178 2
0.605295 0.677637 2
0.823151 0.134722 3
0.188996 0.916483 4
0.296667 0.554649 0
0.174906 0.510255 5
0.224413 0.689191 0
0.516131 0.708253 6
0.623443 0.053964 1
0.190085 0.508295 5
0.636097 0.706599 8
0.661043 0.826824 8
0.74868 0.268536 1
0.106851 0.581382 5
0.0410856 0.600408 5
0.619707 0.586028 2
0.24812 0.536884 5
0.235815 0.719439 0
0.608861 0.058567 1
0.152321 0.630418 5
0.1581 0.7175 0
0.715351 -0.0899727 3
0.68434 0.0230211 3
0.740267 0.152338 1
0.693083 0.0516845 3
0.201161 0.498381 5
0.124492 0.980747 4
0.733594 0.0470217 3
0.640093 0.0510369 1
0.228078 0.491375 5
0.327682 0.583154 0
0.531953 0.154815 1
0.689176 0.114886 1
0.084144 0.691286 5
0.112039 0.986933 4
0.673556 0.110122 1
0.136456 0.54548 5
0.29461 0.623685 0
0.239591 0.447813 5
0.213722 0.537579 5
0.582313 0.0429361 1
0.136577 0.598357 5
0.694288 0.660219 2
0.160333 0.454464 5
0.747863 0.0445486 3
0.493541 0.856181 6
0.512325 0.634184 2
0.421252 0.667143 6
0.224727 0.551871 5
0.779175 0.207208 1
0.175204 0.944551 4
0.660297 0.790121 8
0.470866 0.510269 2
0.122322 0.594212 5
0.647773 0.0480858 1
0.118021 0.705979 0
0.173878 0.627113 5
0.0860093 0.706866 5
0.280637 0.521829 0
0.518666 0.587487 2
0.124622 0.713818 0
0.738042 0.155046 1
0.176169 0.5593 5
0.63964 0.81782 8
0.326992 0.61732 0
0.487634 0.450955 2
0.214643 0.632902 0
0.610874 0.653496 2
0.665802 0.0730484 1
0.138874 0.976187 4
0.272801 0.7082 0
0.245685 0.545452 5
0.153223 0.560207 5
0.154763 0.433707 5
0.311762 0.617734 0
0.314289 0.669167 0
0.584251 0.149446 1
0.442836 0.766693 6
0.137765 0.632971 5
0.158106 1.02643 9
0.31198 0.695949 0
0.102079 0.507568 5
0.0750849 0.919797 4
0.222368 0.58906 0
0.280153 0.586605 0
0.195977 0.593006 5
0.571182 0.634426 2
0.330103 0.556436 0
0.274292 0.570553 0
0.251079 0.746108 0
0.186463 0.468143 5
0.666012 0.655726 2
0.875768 0.107159 3
0.228439 0.455024 5
0.285757 0.760901 0
0.145117 0.717531 0
0.653041 0.146031 1
0.0666315 0.627662 5
0.215997 0.645709 0
0.214893 0.479031 5
0.0809631 1.03832 9
0.267544 0.519137 5
0.70549 -0.0761014 3
0.554664 0.650002 2
0.725637 0.0697118 3
0.0918754 0.643036 5
0.744451 -0.0281901 3
0.245909 0.693893 0
0.628647 0.770055 8
0.755857 0.0207094 3
0.27719 0.564739 0
0.106182 0.618938 5
0.643884 -0.0294003 3
0.251527 0.502786 5
0.124447 0.51015 5
0.243746 0.602324 0
0.624706 0.519011 2
0.151873 0.7522 0
0.698983 -0.0354253 3
0.72807 0.0132824 3
0.66559 0.0586614 1
0.283819 0.701758 0
0.278865 0.646454 0
0.140008 0.94745 4
0.456292 0.789781 6
0.704219 0.0377355 3
0.108801 0.613335 5
0.246088 0.922093 4
0.200894 0.610743 0
0.170931 0.571602 5
0.153635 0.54364 5
0.211347 0.583832 5
0.0961882 0.697789 5
0.14702 0.58027 5
0.262751 0.78431 0
0.301703 0.364968 5
0.334625 0.983999 9
0.0958988 0.587453 5
0.337879 0.612349 0
0.176605 0.630902 0
0.00934605 0.911465 4
0.0715914 0.509512 5
0.216643 0.560801 5
0.191712 0.711628 0
0.749384 -0.0063631 3
0.654609 0.715159 8
0.127889 0.943793 4
0.230674 0.664882 0
0.0984662 0.663609 5
0.294284 0.529039 0
0.207918 0.629082 0
0.177305 0.609355 5
0.684722 0.0866322 1
0.642816 0.0973765 1
0.0550651 0.600971 5
0.164095 0.535521 5
0.571357 0.805133 8
0.527381 0.614811 2
0.124221 0.668885 5
0.156216 0.878586 4
0.738539 0.148104 1
0.160787 0.492335 5
0.0963924 0.540593 5
0.186842 0.65899 0
0.470567 0.674347 6
0.252184 0.682559 0
0.699677 0.120963 1
0.750555 0.125811 1
0.677626 -0.00129085 3
0.310349 0.657154 0
0.268038 0.693948 0
0.116285 0.597279 5
0.644224 0.0100867 3
0.055427 0.62388 5
0.610384 0.135395 1
0.580062 0.684651 2
0.580246 0.71466 8
0.142324 0.622649 5
0.335384 0.690324 0
0.0692828 0.563602 5
0.229383 0.524705 5
0.579443 0.732948 8
0.619881 0.0954887 1
0.133042 0.563555 5
0.562183 0.845611 8
0.1101 1.01021 9
0.238073 0.479292 5
0.526995 0.626662 2
0.162722 0.519187 5
0.216962 0.780484 0
0.609732 0.119379 1
0.110878 0.987915 4
0.129385 0.644933 5
0.312082 0.56457 0
0.224029 0.594706 0
0.712754 -0.0182165 3
0.0986831 0.94845 4
0.151099 0.931246 4
0.358735 0.675397 0
0.498656 0.600916 2
0.148716 0.942067 4
0.698362 0.0599294 3
0.111202 0.563974 5
0.694999 0.222472 1
0.499716 0.641457 2
0.0872458 0.572852 5
0.201004 0.502798 5
0.751007 0.175514 1
0.66969 0.113856 1
0.199842 0.463366 5
0.247062 0.729 0
0.132409 0.615285 5
0.326097 0.67372 0
0.608811 0.572197 2
0.0810858 0.717371 5
0.477694 0.531184 2
0.201693 0.661211 0
0.334307 0.762112 6
0.650953 0.0959841 1
0.617071 0.702784 8
0.555084 0.725451 8
0.218438 0.635553 0
0.152348 1.03491 9
0.244704 0.6915 0
0.0815404 0.512367 5
0.610597 0.605084 2
0.153933 1.02991 9
0.146638 0.509415 5
0.341516 0.642023 0
0.663683 0.178111 1
0.657416 0.100556 1
0.190432 0.538529 5
0.110884 0.668483 5
0.0718276 0.9821 4
0.151587 0.532808 5
0.512806 0.593992 2
0.211869 0.539553 5
0.78319 0.13032 1
0.246905 0.40328 5
0.185583 1.04331 9
0.68834 0.12486 1
0.178124 0.460759 5
0.134104 0.906019 4
0.644509 0.0252604 3
0.781128 0.113051 3
0.13827 0.927898 4
0.142203 0.670133 0
0.662812 0.00775849 3
0.319219 0.497306 0
0.234916 0.537558 5
0.590693 0.0676452 1
0.142354 0.561131 5
0.87347 0.0464395 3
0.780102 0.011608 3
0.572935 0.623298 2
0.279055 0.621277 0
0.196965 0.516154 5
0.66215 -0.129402 3
0.138162 0.975963 4
0.766545 0.190028 1
0.788489 0.0521098 3
0.303074 0.681103 0
0.688431 0.151368 1
0.182723 0.430399 5
0.647295 0.110159 1
0.275887 0.542466 0
0.555846 0.607596 2
0.716134 0.10642 1
0.496093 0.837222 6
0.134732 0.741976 0
0.139155 1.0127 9
0.526772 0.758273 8
0.279946 0.984689 9
0.210038 0.957317 9
0.587131 0.756946 8
0.210188 0.447921 5
0.0894121 0.660888 5
0.13466 0.581441 5
0.120377 0.570348 5
0.0846817 0.605405 5
0.540226 0.773204 8
0.180212 0.669722 0
0.750943 0.0767684 3
0.276698 0.414651 5
0.246788 0.69612 0
0.2161 0.54854 5
0.155443 0.758061 0
0.209991 0.593018 0
0.487893 0.639253 2
0.146953 0.975402 4
0.593029 0.639253 2
0.438593 0.768399 6
0.146462 0.89975 4
0.166463 0.518825 5
0.1096 1.12818 9
0.728507 0.112808 1
0.673524 0.0797317 1
0.273179 0.558496 0
0.227624 0.602498 0
0.135017 0.475784 5
0.193264 0.435539 5
0.0904037 0.541748 5
0.231457 0.544986 5
0.776793 -0.00889804 3
0.374865 0.525389 0
0.527889 0.14401 1
0.186845 0.651893 0
0.227464 0.701004 0
0.0620094 0.533461 5
0.713566 0.556401 2
0.559589 0.716463 8
0.244818 0.583934 0
0.158265 0.888756 4
0.391742 0.769639 6
0.733315 0.0306012 3
0.222109 0.657617 0
0.225467 0.555376 5
0.153059 0.97011 4
0.242919 0.992089 9
0.70951 0.0584443 3
0.493893 0.609521 2
0.237666 0.526145 5
0.13628 0.648032 5
0.595573 0.715354 8
0.576266 0.626545 2
0.199853 0.533609 5
0.562641 0.691758 2
0.125895 0.945733 4
0.262912 0.452324 5
0.163772 0.495911 5
0.107248 0.885729 4
0.139177 0.900064 4
0.207826 0.480294 5
0.199898 0.432393 5
0.0762494 0.530531 5
0.747222 0.012591 3
0.174378 0.561634 5
0.151102 0.598366 5
0.512758 0.753516 6
0.281182 0.575948 0
0.732626 0.121983 1
0.635855 0.590473 2
0.500796 0.779127 6
0.179071 0.688146 0
0.0842305 0.610476 5
0.744053 0.25239 1
0.620907 0.579668 2
0.659352 0.192216 1
0.719487 0.0817315 3
0.120977 0.727863 0
0.0769843 0.911206 4
0.367729 0.638454 0
0.232651 0.489758 5
0.189673 0.5686 5
0.163004 1.00014 9
0.303002 0.641134 0
0.723046 -0.0627366 3
0.494627 0.788603 6
0.531303 0.627638 2
0.34997 0.572887 0
0.262597 0.649642 0
0.272991 0.618014 0
0.672041 0.0498036 3
0.561359 0.608584 2
0.143152 0.67027 0
0.258195 0.479348 5
0.653271 0.0213292 3
0.270241 0.668309 0
0.465382 0.674352 6
0.205071 0.620906 0
0.669354 0.0711125 1
0.20773 0.588887 5
0.278545 0.603364 0
0.120831 0.621037 5
0.765371 0.103011 3
0.609475 0.671149 2
0.720594 0.0719372 3
0.279309 0.57191 0
0.241209 0.751816 0
0.695717 0.08172 1
0.728218 -0.0214408 3
0.23651 0.701926 0
0.468708 0.783967 6
0.237172 0.706792 0
0.313209 0.785732 6
0.0249533 1.10134 9
0.0511366 0.577211 5
0.791233 0.0933425 3
0.161352 0.456218 5
0.171715 0.422705 5
0.734594 0.869322 8
0.499232 0.71982 6
0.223511 1.04073 9
0.177752 0.904142 4
0.616893 0.558687 2
0.526084 0.604894 2
0.121699 0.973738 4
0.135343 1.00536 9
0.11405 1.00739 9
0.516496 0.785627 8
0.594147 0.67626 2
0.694335 0.111066 1
0.725755 0.0415649 3
0.734086 -0.0242549 3
0.767896 -0.0728057 3
0.215487 0.624609 0
0.324239 0.646228 0
0.78423 -0.0263937 3
0.161543 0.547117 5
0.112555 0.52151 5
0.235644 0.575316 0
0.534439 0.772422 8
0.306799 0.718683 0
0.231741 0.508338 5
0.518069 0.825931 8
0.207613 0.596077 0
